Sprites/Backgrounds/levelDesign.jpg
                                                                                                                                                                                                      
                                                                       
                                                                                                                                   
                                                                                                                                   
                                                                                                                                   
                                                                                                 1111111111111                     
                                                                                                 1           1                     
                                                                                                 1  (3)     4  1                      
                                                                                                 1        4  1                     
                                                                                                 1111111111111                        
                                                                       
                                                                       
                      P                                                
                                                                       
                           [1|7][1|7][1|7]    [1|7]                                   [3|C]               
                       1                                                     
          3            1   7                                        [2|(1)]         %3%      
          3            1 7  777           -                [2|1][2|1][2|1][2|1][2|1][2|1][2|1][2|1][2|1][2|1][2|1][2|1][2|1][2|1][2|1][2|1][2|1][2|1][2|1][2|1]              
          3  %1%        %1%11          1          (1)     %2%                    
            111     111111111111111[1|1][1|1][1|1][1|1][1|1][1|1][1|1][1|1][1|1][1|1][1|1][1|1][1|1][1|1][1|1][1|1][1|1][1|1]                                 
                                                                       
                                                                       
               [3|(3)]                                                        
              11111                                                    
                                                                       
                                                                       
                                                                       
                                                                       
                                                                       
                                                                       
                                                                       
                                                                       
                                                                       
                                                                       
                                                                       