Sprites/Backgrounds/Sky.gif
                                                                                                                                                 
                                                                                                                                                 
                                                                                                                                                 
                                                                                                                                                 
                                                                                                                                                 
                                                                                                                                                 
                                                                                                                                                 
                                                                                                                                                 
                                                                                                                                                 
8888888888888888888888888888888888888888888888888888888888883333333333333333333333333888888888888888888888888888888888888888888888888            
8             3                                 3           3                       8                  3                            8            
8             3                                 3           3                       8                  3                            8            
8   b     (8)   3                                 3     P     3                       8        b         3                            8            
8     8       3                                 3      -    3                       8 (2)                8                            8            
8  888888888888                     7           3     (8)     3                       8       8    88888 8         3                  8            
3    333333                           (5)         8           8     b                 88888888888  88888 8         3                  8            
3                                               8888888888888       8                     888          8       R 8                  8            
3          C                      3888888       3           8  88888888888                888     888888         8                  8            
3          *                      3             3                                        338   8888        888888333                8            
3                                 3  -    (2)     3                                       33                 888                      8            
3       888888888                 3             3                                       3                    3                     38            
3      3         3333333333333333338888888888888388888          888                     8         7  7  77   3                    3 8            
38    3                                              8  88888888888          C   (3)      8(2)                   3                   3  8            
3    3                                                           3                      8222822222222222222888                  3   8            
33333                                         3                  3333333333388888888888888888888888888888888883333             3    8            
3                                     C       3         (3)        3          8                                 3               3     8            
3             (4)                               388            88883  (4)       8                                 3              3      8            
3                                     8888888888888888888888888883        4 8  (3)                                            3       8            
38888888888888888888333333333333333333                           8        4 8                                              3        8            
8                                                                8888888888888888888                                      3         8            
8                                                                                   333333333333333333                   3          8            
8 7    R     b      b                                                                                 3                 3           8            
8                                                                                                      3333333333333333             8            
8                              (5)       [8|8][8|8][8|8][8|8][8|8][8|8][8|8][8|8][8|8][8|8][8|8]                                                                                  8            
8                       %8%           [8|8]  8                                                                                            8
88888888888888888888888888888888888888888                                                                                           8
8                                                                                                                                   8
8                                                                                                                                   8
8                                                                                                                                   8
8                                                                                                                                   8
8                                                                                                                                   8
8                                                                                                                                   8
8                                                                                                                                   8
8                                                                                                                                   8
8                                                                                                                                   8
8                                                                                                                                   8
8888888888888888888888888888888888888888888888888888888888888888888888888888888888888888888888888888888888888888888888888888888888888            