Sprites/Backgrounds/volcano.jpg
133333333333                    333333333333333333333333333333                                                                                       
1                                                1           1                                                                                       
1  P                                             1           1                                                                                       
1                                                1           1                                                                                       
1                                             -  1           13333333333333333333333333333333333333333333333333333333                                
1          C                                     1        (1)  1                         3                            1                                
1       (1)          b     b       C          b    1           1                         3                            1                                
1          1                                     1      111111          333                                         1                                
1111111111113333333333333333333331111111111111111111111+                                                            1                                
                    3                    3            3                                                             1                                
                    3         (2)          3            3                                                      *   b  1                                
                    3                    3            3     R                                                       1                                
                    3                    3            3                                3               11111111111  11111                            
                    3                    3            3   1111                         3                  322222222222221                            
                    3                    3          113333  1 33333333333333333333333333333333333333333333322222222222221                            
                    3                    3          1       1                                              12222222224221                            
                    3                    3          1       1                                              12222222224221                            
                    3   (1)     b     (2)    3          1   (2)   1                                              11111111111111                            
                    3                    3          1       1                                                                                        
                    1111111111111111111111          111111111                                                                                        
                                                                                                                                                     
                                                                                                                                                     
                                                                                                                                                     
                                                                                                                                                     
                                                                                                                                                     
                                                                                                                                                     
                                                                                                                                                     
                                                                                                                                                     
