Sprites/Backgrounds/desert.jpg
                             34                                                                                                                                           
                             34                                                                                                                                           
                          P  34                                                                    -                                                                      
                             38                                                                                                                                           
                             888                                                                   [0|^][0|^]            3                                                        
                            8   8                                                                  [0|^][0|^]            3                                                        
             B             88                                                                      [0|^][0|^]            3              88888                                     
                          888888888           B                                                    [0|^][0|^]            3              8   8                                     
                         8         8                                                               [0|^][0|^]            3              8 (2) 8                                     
                        8           8                                                              [0|^][0|^]            3              8   8                                     
                       8             8                                                             [0|^][0|^]      %0%     3    88888888888 888                                     
                      88888888888888888                                                                  8888    3    8         8   8                                     
3                    8                 8                      3         3         o           o         88       3    8 8888888 888 8888888                               
3                   8                   8                     3         3              o               888       3    8 8         8       8                               
3                  8                     8                    3         3 (0)+               7          8888       3    8 8  88888888 88888 8                               
3                 8888888888888888888888888                   3         3                            88888       3    8 8               8 8                               
3                8                         8                  3         888888888##################8888888       3    8 8 8888888888888 8 8                               
3               8 (3)      7       o          8                 3                 83333333333333333338         D   3    8 8 8         8 8 8 8                               
3              8   X                         8                3                 88888888888888888888 (1)           3    8 8   8888888 8 8 8 8                               
3             888888888888888888888888888888888               3                                    8             8    8 8   8     8 8 8 8 8                               
3            8                                 8              3                                    888888888888888    8 88888 D   8 8     8                               
3           8  (1)      7          7          (2)   8             3                                                       8           8 8888888                               
3          8     X                         X     8            3                                                       8888888888##8      Y83333                           
3         88888888888888888888888888888888888888888           3                                                            8      888888888   3                           
3        8                                         8          3                                                            8                  3                           
3                   o        B  o            o      8         3                                                            8 7      7       (3) 3                           
3                                                (0)   8        3                                                            8                  3                           
888888888  X                                    X    8888888888                                                            88888888888888888883                           
        8888888888888888888888888888888888888888888888                                                                                                                    
                                                                                                                                                                          
