Sprites/Backgrounds/Sky.gif

333333333333                    333333333333333333333333333333                                                                                       
3                                                9           9                                                                                       
3  P                                             9           9                                                                                       
3                                                9           9                                                                                       
3                                             -  9           93333333333333333333333333333333333333333333333333333333                                
3          C                                     9        (1)  9  d             3                                     9                                
3       (1)                        C        D      9           9                3                                     9                                
3          9                                     9      9mmmmm  d             3                                     9                                
9mmmmmmmmmm93333333333333333333339mmmmmmmmmmmmmmmmmmmm9+                      3                   <                 9                                
                    3                    3            3         >   3         3                                     9                                
                    3         (2)          3            3             3                      3                 *   b  9                                
                    3                    3            3     R       3                      3                        9                                
                    3                    3            3             3                      3           9mmmmmmmmm9  9mmm9                            
                    3                    3            3   9mm9      3                      3              322222222222229                            
                    3                    3          9m3333  9 3333333                      333333333333333322222222222229                            
                    3                    3          9       9       333333333333333333333333               92222222224229                            
                    3                    3          9       9                                              92222222224229                            
                    9   (1)     b  D  (2)    9          9   (2)   9                                              9mmmmmmmmmmmm9                            
                    9                    9          9       9                                                                                        
                    9mmmmmmmmmmmmmmmmmmmm9          9mmmmmmm9                                                                                        
                                                                                                                                                     
                                                                                                                                                     
                                                                                                                                                     
                                                                                                                                                     
                                                                                                                                                     
                                                                                                                                                     
                                                                                                                                                     
                                                                                                                                                     
